[WFSGrid]
dx = 11.600000000000005
dy = 11.600000000000005
x0 = 2
y0 = 0

